-0.4289915078372956,-1.6723663861394151,-1.1951177815270897,-1.203606107405432,1.266987448710891,2.2648952362717667,-0.5048052546396576,-0.7247521682914675,1.0
3.9637582069286093,0.5269070284151447,-2.3396897586529977,1.0851520662925382,-0.808580646977767,-2.247054887429678,0.301780029165812,-0.7335805556298205,2.0
-3.8374664030920522,-0.3446939048373522,-1.5505044034943536,1.0427428855017828,-0.21649642182479883,0.45169145260676763,1.0584934404531146,1.14999584333351,0.0
-4.198062074370771,-1.8176081902982781,0.18981673293872384,-1.8729088665996165,-0.8151871286200089,-0.020678644100904555,-0.03760657461333502,0.011048476774008649,0.0
8.263445050930114,-0.5461581327881239,-2.710539561319336,-0.505399186667141,0.0840948921520388,0.011922926820610096,-0.0018425794380786326,0.022324943270936287,3.0
-3.317501199857997,0.4489790673365367,-1.4095119873252213,2.064323487072174,-0.6831011609379201,0.07167378249432507,-0.04150596002189304,-0.016342398967819336,0.0
-4.1980620743707675,-1.8176081902982701,0.18981673293872953,-1.8729088665996136,-0.8151871286200106,-0.02067864410090073,-0.03760657461333786,0.0110484767739988,0.0
8.26344505093012,-0.5461581327881286,-2.710539561319334,-0.5053991866671417,0.08409489215203919,0.011922926820610929,-0.001842579438081479,0.022324943270940045,3.0
-3.3175011998579955,0.4489790673365368,-1.4095119873252209,2.0643234870721754,-0.6831011609379205,0.07167378249432599,-0.04150596002189363,-0.01634239896781908,0.0
-4.1980620743707675,-1.8176081902982701,0.18981673293872953,-1.8729088665996139,-0.8151871286200104,-0.020678644100901117,-0.03760657461333783,0.011048476773999125,0.0
8.263445050930114,-0.5461581327881261,-2.7105395613193366,-0.5053991866671369,0.08409489215204036,0.011922926820613704,-0.0018425794380803058,0.022324943270938882,3.0
-3.3175011998579973,0.448979067336536,-1.4095119873252266,2.0643234870721767,-0.6831011609379175,0.0716737824943261,-0.04150596002189233,-0.01634239896781902,0.0
-4.198062074370772,-1.8176081902982704,0.1898167329387292,-1.8729088665996154,-0.8151871286200092,-0.020678644100901342,-0.037606574613338335,0.011048476773997945,0.0
8.263445050930121,-0.5461581327881289,-2.7105395613193326,-0.5053991866671429,0.0840948921520372,0.011922926820610502,-0.0018425794380818148,0.022324943270940437,3.0
-3.317501199857998,0.4489790673365371,-1.4095119873252224,2.0643234870721745,-0.6831011609379202,0.07167378249432582,-0.04150596002189326,-0.016342398967819576,0.0
-4.198062074370768,-1.8176081902982704,0.18981673293872883,-1.8729088665996143,-0.8151871286200097,-0.020678644100901245,-0.037606574613337794,0.011048476773999068,0.0
8.263445050930116,-0.5461581327881286,-2.710539561319333,-0.5053991866671413,0.0840948921520389,0.011922926820611086,-0.0018425794380808596,0.022324943270939607,3.0
-3.317501199857997,0.44897906733653703,-1.409511987325222,2.064323487072176,-0.6831011609379203,0.07167378249432585,-0.04150596002189314,-0.0163423989678196,0.0
-4.198062074370768,-1.8176081902982695,0.18981673293872892,-1.8729088665996145,-0.81518712862001,-0.020678644100901238,-0.03760657461333778,0.011048476773999073,0.0
8.263445050930116,-0.5461581327881286,-2.710539561319333,-0.5053991866671413,0.0840948921520389,0.011922926820611085,-0.00184257943808086,0.022324943270939607,3.0
-3.317501199857997,0.44897906733653714,-1.409511987325222,2.064323487072176,-0.6831011609379204,0.07167378249432582,-0.04150596002189322,-0.01634239896781958,0.0
-4.198062074370767,-1.8176081902982701,0.18981673293872917,-1.8729088665996143,-0.8151871286200102,-0.020678644100901384,-0.03760657461333825,0.011048476773999193,0.0
8.263445050930118,-0.5461581327881286,-2.710539561319333,-0.5053991866671413,0.08409489215203891,0.011922926820611066,-0.0018425794380808823,0.02232494327093961,3.0
-3.317501199857997,0.4489790673365371,-1.409511987325222,2.064323487072176,-0.6831011609379204,0.07167378249432595,-0.04150596002189298,-0.01634239896781966,0.0
-4.198062074370767,-1.8176081902982701,0.1898167329387289,-1.8729088665996143,-0.8151871286200102,-0.020678644100901256,-0.03760657461333782,0.011048476773999082,0.0
8.263445050930118,-0.5461581327881287,-2.710539561319333,-0.5053991866671413,0.0840948921520389,0.01192292682061108,-0.0018425794380808596,0.022324943270939604,3.0
-3.317501199857997,0.44897906733653714,-1.409511987325222,2.064323487072176,-0.6831011609379205,0.07167378249432586,-0.04150596002189317,-0.01634239896781959,0.0
-4.198062074370766,-1.8176081902982701,0.1898167329387289,-1.8729088665996143,-0.8151871286200103,-0.020678644100901252,-0.0376065746133378,0.011048476773999078,0.0
8.263445050930118,-0.5461581327881287,-2.7105395613193335,-0.5053991866671412,0.08409489215203891,0.011922926820611078,-0.0018425794380808637,0.022324943270939607,3.0
-3.3175011998579964,0.44897906733653725,-1.409511987325222,2.064323487072176,-0.6831011609379205,0.07167378249432588,-0.04150596002189316,-0.016342398967819593,0.0
-4.198062074370767,-1.8176081902982701,0.18981673293872892,-1.8729088665996145,-0.8151871286200102,-0.020678644100901256,-0.037606574613337815,0.01104847677399908,0.0
8.263445050930118,-0.5461581327881287,-2.7105395613193335,-0.5053991866671412,0.08409489215203891,0.01192292682061108,-0.0018425794380808637,0.0223249432709396,3.0
-3.3175011998579964,0.44897906733653725,-1.409511987325222,2.064323487072176,-0.6831011609379205,0.07167378249432588,-0.04150596002189317,-0.01634239896781959,0.0
-4.198062074370767,-1.8176081902982701,0.18981673293872892,-1.8729088665996145,-0.8151871286200102,-0.020678644100901256,-0.037606574613337815,0.01104847677399908,0.0
8.263445050930118,-0.5461581327881287,-2.7105395613193335,-0.5053991866671412,0.08409489215203891,0.011922926820611078,-0.0018425794380808637,0.022324943270939604,3.0
-3.3175011998579964,0.44897906733653725,-1.409511987325222,2.064323487072176,-0.6831011609379205,0.07167378249432588,-0.04150596002189316,-0.016342398967819593,0.0
-4.198062074370767,-1.8176081902982701,0.18981673293872892,-1.8729088665996145,-0.8151871286200102,-0.020678644100901256,-0.037606574613337815,0.01104847677399908,0.0
8.263445050930118,-0.5461581327881287,-2.7105395613193335,-0.5053991866671412,0.08409489215203891,0.01192292682061108,-0.0018425794380808635,0.0223249432709396,3.0
-3.3175011998579964,0.44897906733653725,-1.409511987325222,2.064323487072176,-0.6831011609379205,0.07167378249432588,-0.04150596002189316,-0.016342398967819593,0.0
-4.198062074370767,-1.8176081902982701,0.18981673293872892,-1.8729088665996145,-0.8151871286200102,-0.020678644100901256,-0.037606574613337815,0.01104847677399908,0.0
8.263445050930118,-0.5461581327881287,-2.7105395613193335,-0.5053991866671412,0.08409489215203891,0.011922926820611078,-0.0018425794380808635,0.0223249432709396,3.0
-3.3175011998579964,0.44897906733653725,-1.409511987325222,2.064323487072176,-0.6831011609379205,0.07167378249432588,-0.04150596002189316,-0.016342398967819593,0.0
-4.198062074370767,-1.8176081902982701,0.18981673293872892,-1.8729088665996145,-0.8151871286200102,-0.020678644100901256,-0.037606574613337815,0.01104847677399908,0.0
8.263445050930118,-0.5461581327881287,-2.7105395613193335,-0.5053991866671412,0.08409489215203891,0.011922926820611078,-0.0018425794380808635,0.0223249432709396,3.0
-3.3175011998579964,0.44897906733653725,-1.409511987325222,2.064323487072176,-0.6831011609379205,0.07167378249432588,-0.04150596002189316,-0.016342398967819593,0.0
-4.198062074370767,-1.8176081902982701,0.18981673293872892,-1.8729088665996145,-0.8151871286200102,-0.020678644100901256,-0.037606574613337815,0.01104847677399908,0.0
8.263445050930118,-0.5461581327881287,-2.7105395613193335,-0.5053991866671412,0.08409489215203891,0.01192292682061108,-0.0018425794380808637,0.0223249432709396,3.0
-3.3175011998579964,0.44897906733653725,-1.409511987325222,2.064323487072176,-0.6831011609379205,0.07167378249432588,-0.04150596002189316,-0.016342398967819593,0.0
-4.198062074370767,-1.8176081902982701,0.18981673293872892,-1.8729088665996145,-0.8151871286200102,-0.020678644100901256,-0.037606574613337815,0.01104847677399908,0.0
8.263445050930118,-0.5461581327881287,-2.7105395613193335,-0.5053991866671412,0.08409489215203891,0.01192292682061108,-0.0018425794380808637,0.0223249432709396,3.0
-3.3175011998579964,0.44897906733653725,-1.409511987325222,2.064323487072176,-0.6831011609379205,0.07167378249432588,-0.04150596002189316,-0.016342398967819593,0.0
-4.198062074370767,-1.8176081902982701,0.18981673293872892,-1.8729088665996145,-0.8151871286200102,-0.020678644100901256,-0.037606574613337815,0.01104847677399908,0.0
8.263445050930118,-0.5461581327881287,-2.7105395613193335,-0.5053991866671412,0.08409489215203891,0.01192292682061108,-0.0018425794380808637,0.0223249432709396,3.0
-3.3175011998579964,0.44897906733653725,-1.409511987325222,2.064323487072176,-0.6831011609379205,0.07167378249432588,-0.04150596002189316,-0.016342398967819593,0.0
-4.198062074370767,-1.8176081902982701,0.18981673293872892,-1.8729088665996145,-0.8151871286200102,-0.020678644100901256,-0.037606574613337815,0.01104847677399908,0.0
8.263445050930118,-0.5461581327881287,-2.7105395613193335,-0.5053991866671412,0.08409489215203891,0.01192292682061108,-0.0018425794380808637,0.0223249432709396,3.0
-3.3175011998579964,0.44897906733653725,-1.409511987325222,2.064323487072176,-0.6831011609379205,0.07167378249432588,-0.04150596002189316,-0.016342398967819593,0.0
-4.198062074370767,-1.8176081902982701,0.18981673293872892,-1.8729088665996145,-0.8151871286200102,-0.020678644100901256,-0.037606574613337815,0.01104847677399908,0.0
8.263445050930118,-0.5461581327881287,-2.7105395613193335,-0.5053991866671412,0.08409489215203891,0.01192292682061108,-0.0018425794380808637,0.0223249432709396,3.0
-3.3175011998579964,0.44897906733653725,-1.409511987325222,2.064323487072176,-0.6831011609379205,0.07167378249432588,-0.04150596002189316,-0.016342398967819593,0.0
-4.198062074370767,-1.8176081902982701,0.18981673293872892,-1.8729088665996145,-0.8151871286200102,-0.020678644100901256,-0.037606574613337815,0.01104847677399908,0.0
8.263445050930118,-0.5461581327881287,-2.7105395613193335,-0.5053991866671412,0.08409489215203891,0.01192292682061108,-0.0018425794380808637,0.0223249432709396,3.0
-3.3175011998579964,0.44897906733653725,-1.409511987325222,2.064323487072176,-0.6831011609379205,0.07167378249432588,-0.04150596002189316,-0.016342398967819593,0.0
-4.198062074370767,-1.8176081902982701,0.18981673293872892,-1.8729088665996145,-0.8151871286200102,-0.020678644100901256,-0.037606574613337815,0.01104847677399908,0.0
8.263445050930118,-0.5461581327881287,-2.7105395613193335,-0.5053991866671412,0.08409489215203891,0.01192292682061108,-0.0018425794380808637,0.0223249432709396,3.0
-3.3175011998579964,0.44897906733653725,-1.409511987325222,2.064323487072176,-0.6831011609379205,0.07167378249432588,-0.04150596002189316,-0.016342398967819593,0.0
-4.198062074370767,-1.8176081902982701,0.18981673293872892,-1.8729088665996145,-0.8151871286200102,-0.020678644100901256,-0.037606574613337815,0.01104847677399908,0.0
8.263445050930118,-0.5461581327881287,-2.7105395613193335,-0.5053991866671412,0.08409489215203891,0.01192292682061108,-0.0018425794380808637,0.0223249432709396,3.0
-3.3175011998579964,0.44897906733653725,-1.409511987325222,2.064323487072176,-0.6831011609379205,0.07167378249432588,-0.04150596002189316,-0.016342398967819593,0.0
-4.198062074370767,-1.8176081902982701,0.18981673293872892,-1.8729088665996145,-0.8151871286200102,-0.020678644100901256,-0.037606574613337815,0.01104847677399908,0.0
8.263445050930118,-0.5461581327881287,-2.7105395613193335,-0.5053991866671412,0.08409489215203891,0.01192292682061108,-0.0018425794380808637,0.0223249432709396,3.0
-3.3175011998579964,0.44897906733653725,-1.409511987325222,2.064323487072176,-0.6831011609379205,0.07167378249432588,-0.04150596002189316,-0.016342398967819593,0.0
-4.198062074370767,-1.8176081902982701,0.18981673293872892,-1.8729088665996145,-0.8151871286200102,-0.020678644100901256,-0.037606574613337815,0.01104847677399908,0.0
8.263445050930118,-0.5461581327881287,-2.7105395613193335,-0.5053991866671412,0.08409489215203891,0.01192292682061108,-0.0018425794380808637,0.0223249432709396,3.0
-3.3175011998579964,0.44897906733653725,-1.409511987325222,2.064323487072176,-0.6831011609379205,0.07167378249432588,-0.04150596002189316,-0.016342398967819593,0.0
-4.198062074370767,-1.8176081902982701,0.18981673293872892,-1.8729088665996145,-0.8151871286200102,-0.020678644100901256,-0.037606574613337815,0.01104847677399908,0.0
8.263445050930118,-0.5461581327881287,-2.7105395613193335,-0.5053991866671412,0.08409489215203891,0.01192292682061108,-0.0018425794380808637,0.0223249432709396,3.0
-3.3175011998579964,0.44897906733653725,-1.409511987325222,2.064323487072176,-0.6831011609379205,0.07167378249432588,-0.04150596002189316,-0.016342398967819593,0.0
-4.198062074370767,-1.8176081902982701,0.18981673293872892,-1.8729088665996145,-0.8151871286200102,-0.020678644100901256,-0.037606574613337815,0.01104847677399908,0.0
8.263445050930118,-0.5461581327881287,-2.7105395613193335,-0.5053991866671412,0.08409489215203891,0.01192292682061108,-0.0018425794380808637,0.0223249432709396,3.0
-3.3175011998579964,0.44897906733653725,-1.409511987325222,2.064323487072176,-0.6831011609379205,0.07167378249432588,-0.04150596002189316,-0.016342398967819593,0.0
-4.198062074370767,-1.8176081902982701,0.18981673293872892,-1.8729088665996145,-0.8151871286200102,-0.020678644100901256,-0.037606574613337815,0.01104847677399908,0.0
8.263445050930118,-0.5461581327881287,-2.7105395613193335,-0.5053991866671412,0.08409489215203891,0.01192292682061108,-0.0018425794380808637,0.0223249432709396,3.0
-3.3175011998579964,0.44897906733653725,-1.409511987325222,2.064323487072176,-0.6831011609379205,0.07167378249432588,-0.04150596002189316,-0.016342398967819593,0.0
-4.198062074370767,-1.8176081902982701,0.18981673293872892,-1.8729088665996145,-0.8151871286200102,-0.020678644100901256,-0.037606574613337815,0.01104847677399908,0.0
8.263445050930118,-0.5461581327881287,-2.7105395613193335,-0.5053991866671412,0.08409489215203891,0.01192292682061108,-0.0018425794380808637,0.0223249432709396,3.0
-3.3175011998579964,0.44897906733653725,-1.409511987325222,2.064323487072176,-0.6831011609379205,0.07167378249432588,-0.04150596002189316,-0.016342398967819593,0.0
-4.198062074370767,-1.8176081902982701,0.18981673293872892,-1.8729088665996145,-0.8151871286200102,-0.020678644100901256,-0.037606574613337815,0.01104847677399908,0.0
8.263445050930118,-0.5461581327881287,-2.7105395613193335,-0.5053991866671412,0.08409489215203891,0.01192292682061108,-0.0018425794380808637,0.0223249432709396,3.0
-3.3175011998579964,0.44897906733653725,-1.409511987325222,2.064323487072176,-0.6831011609379205,0.07167378249432588,-0.04150596002189316,-0.016342398967819593,0.0
-4.164017212496012,-1.6293491449388964,-0.2976131144370846,-1.4481037580081186,-0.49626830622287166,0.1948223569120782,0.6645374551680281,-0.25749366000944784,0.0
3.73814222617201,-2.7216320571399435,2.4041517562305836,0.7850917138182146,0.37122457920460117,-0.08821811430685501,-0.4045680499166652,0.1581588983709833,1.0
0.7649440224895931,5.986159642490347,1.4233995794468648,-0.4010547643939492,0.0672950934539996,0.006163100915197841,0.0029044679460341477,0.001349518725106067,1.0
-5.16051751445356,-1.004485665497487,-0.702357257467778,-0.01478885523487064,1.2231755619640652,-0.10922513216644664,-0.03975031548648623,0.01924199824878503,0.0
4.001984875622454,-2.9932893531728126,3.312495044116816,0.7484003685904254,0.050489718690704115,0.0029457589483282585,0.017397878663737758,-0.0034224594725046024,1.0
0.7649440224895931,5.986159642490347,1.4233995794468648,-0.4010547643939492,0.0672950934539996,0.006163100915197841,0.0029044679460341477,0.001349518725106067,1.0
-5.16051751445356,-1.004485665497487,-0.702357257467778,-0.01478885523487064,1.2231755619640652,-0.10922513216644664,-0.03975031548648623,0.01924199824878503,0.0
4.001984875622454,-2.9932893531728126,3.312495044116816,0.7484003685904254,0.050489718690704115,0.0029457589483282585,0.017397878663737758,-0.0034224594725046024,1.0
0.7649440224895931,5.986159642490347,1.4233995794468648,-0.4010547643939492,0.0672950934539996,0.006163100915197841,0.0029044679460341477,0.001349518725106067,1.0
-5.16051751445356,-1.004485665497487,-0.702357257467778,-0.01478885523487064,1.2231755619640652,-0.10922513216644664,-0.03975031548648623,0.01924199824878503,0.0
4.001984875622454,-2.9932893531728126,3.312495044116816,0.7484003685904254,0.050489718690704115,0.0029457589483282585,0.017397878663737758,-0.0034224594725046024,1.0
0.7649440224895931,5.986159642490347,1.4233995794468648,-0.4010547643939492,0.0672950934539996,0.006163100915197841,0.0029044679460341477,0.001349518725106067,1.0
-5.16051751445356,-1.004485665497487,-0.702357257467778,-0.01478885523487064,1.2231755619640652,-0.10922513216644664,-0.03975031548648623,0.01924199824878503,0.0
4.001984875622454,-2.9932893531728126,3.312495044116816,0.7484003685904254,0.050489718690704115,0.0029457589483282585,0.017397878663737758,-0.0034224594725046024,1.0
0.7649440224895931,5.986159642490347,1.4233995794468648,-0.4010547643939492,0.0672950934539996,0.006163100915197841,0.0029044679460341477,0.001349518725106067,1.0
-5.16051751445356,-1.004485665497487,-0.702357257467778,-0.01478885523487064,1.2231755619640652,-0.10922513216644664,-0.03975031548648623,0.01924199824878503,0.0
4.001984875622454,-2.9932893531728126,3.312495044116816,0.7484003685904254,0.050489718690704115,0.0029457589483282585,0.017397878663737758,-0.0034224594725046024,1.0
0.7649440224895931,5.986159642490347,1.4233995794468648,-0.4010547643939492,0.0672950934539996,0.006163100915197841,0.0029044679460341477,0.001349518725106067,1.0
-5.16051751445356,-1.004485665497487,-0.702357257467778,-0.01478885523487064,1.2231755619640652,-0.10922513216644664,-0.03975031548648623,0.01924199824878503,0.0
4.001984875622454,-2.9932893531728126,3.312495044116816,0.7484003685904254,0.050489718690704115,0.0029457589483282585,0.017397878663737758,-0.0034224594725046024,1.0
0.7649440224895931,5.986159642490347,1.4233995794468648,-0.4010547643939492,0.0672950934539996,0.006163100915197841,0.0029044679460341477,0.001349518725106067,1.0
-5.16051751445356,-1.004485665497487,-0.702357257467778,-0.01478885523487064,1.2231755619640652,-0.10922513216644664,-0.03975031548648623,0.01924199824878503,0.0
4.001984875622454,-2.9932893531728126,3.312495044116816,0.7484003685904254,0.050489718690704115,0.0029457589483282585,0.017397878663737758,-0.0034224594725046024,1.0
0.7649440224895931,5.986159642490347,1.4233995794468648,-0.4010547643939492,0.0672950934539996,0.006163100915197841,0.0029044679460341477,0.001349518725106067,1.0
-5.16051751445356,-1.004485665497487,-0.702357257467778,-0.01478885523487064,1.2231755619640652,-0.10922513216644664,-0.03975031548648623,0.01924199824878503,0.0
4.001984875622454,-2.9932893531728126,3.312495044116816,0.7484003685904254,0.050489718690704115,0.0029457589483282585,0.017397878663737758,-0.0034224594725046024,1.0
0.7649440224895931,5.986159642490347,1.4233995794468648,-0.4010547643939492,0.0672950934539996,0.006163100915197841,0.0029044679460341477,0.001349518725106067,1.0
-5.16051751445356,-1.004485665497487,-0.702357257467778,-0.01478885523487064,1.2231755619640652,-0.10922513216644664,-0.03975031548648623,0.01924199824878503,0.0
4.001984875622454,-2.9932893531728126,3.312495044116816,0.7484003685904254,0.050489718690704115,0.0029457589483282585,0.017397878663737758,-0.0034224594725046024,1.0
0.7649440224895931,5.986159642490347,1.4233995794468648,-0.4010547643939492,0.0672950934539996,0.006163100915197841,0.0029044679460341477,0.001349518725106067,1.0
-5.16051751445356,-1.004485665497487,-0.702357257467778,-0.01478885523487064,1.2231755619640652,-0.10922513216644664,-0.03975031548648623,0.01924199824878503,0.0
4.001984875622454,-2.9932893531728126,3.312495044116816,0.7484003685904254,0.050489718690704115,0.0029457589483282585,0.017397878663737758,-0.0034224594725046024,1.0
0.7649440224895931,5.986159642490347,1.4233995794468648,-0.4010547643939492,0.0672950934539996,0.006163100915197841,0.0029044679460341477,0.001349518725106067,1.0
-5.16051751445356,-1.004485665497487,-0.702357257467778,-0.01478885523487064,1.2231755619640652,-0.10922513216644664,-0.03975031548648623,0.01924199824878503,0.0
4.001984875622454,-2.9932893531728126,3.312495044116816,0.7484003685904254,0.050489718690704115,0.0029457589483282585,0.017397878663737758,-0.0034224594725046024,1.0
0.7649440224895931,5.986159642490347,1.4233995794468648,-0.4010547643939492,0.0672950934539996,0.006163100915197841,0.0029044679460341477,0.001349518725106067,1.0
-5.16051751445356,-1.004485665497487,-0.702357257467778,-0.01478885523487064,1.2231755619640652,-0.10922513216644664,-0.03975031548648623,0.01924199824878503,0.0
4.001984875622454,-2.9932893531728126,3.312495044116816,0.7484003685904254,0.050489718690704115,0.0029457589483282585,0.017397878663737758,-0.0034224594725046024,1.0
0.7649440224895931,5.986159642490347,1.4233995794468648,-0.4010547643939492,0.0672950934539996,0.006163100915197841,0.0029044679460341477,0.001349518725106067,1.0
-5.16051751445356,-1.004485665497487,-0.702357257467778,-0.01478885523487064,1.2231755619640652,-0.10922513216644664,-0.03975031548648623,0.01924199824878503,0.0
4.001984875622454,-2.9932893531728126,3.312495044116816,0.7484003685904254,0.050489718690704115,0.0029457589483282585,0.017397878663737758,-0.0034224594725046024,1.0
0.7649440224895931,5.986159642490347,1.4233995794468648,-0.4010547643939492,0.0672950934539996,0.006163100915197841,0.0029044679460341477,0.001349518725106067,1.0
-5.16051751445356,-1.004485665497487,-0.702357257467778,-0.01478885523487064,1.2231755619640652,-0.10922513216644664,-0.03975031548648623,0.01924199824878503,0.0
4.001984875622454,-2.9932893531728126,3.312495044116816,0.7484003685904254,0.050489718690704115,0.0029457589483282585,0.017397878663737758,-0.0034224594725046024,1.0
0.7649440224895931,5.986159642490347,1.4233995794468648,-0.4010547643939492,0.0672950934539996,0.006163100915197841,0.0029044679460341477,0.001349518725106067,1.0
-5.16051751445356,-1.004485665497487,-0.702357257467778,-0.01478885523487064,1.2231755619640652,-0.10922513216644664,-0.03975031548648623,0.01924199824878503,0.0
4.001984875622454,-2.9932893531728126,3.312495044116816,0.7484003685904254,0.050489718690704115,0.0029457589483282585,0.017397878663737758,-0.0034224594725046024,1.0
0.7649440224895931,5.986159642490347,1.4233995794468648,-0.4010547643939492,0.0672950934539996,0.006163100915197841,0.0029044679460341477,0.001349518725106067,1.0
-5.16051751445356,-1.004485665497487,-0.702357257467778,-0.01478885523487064,1.2231755619640652,-0.10922513216644664,-0.03975031548648623,0.01924199824878503,0.0
4.001984875622454,-2.9932893531728126,3.312495044116816,0.7484003685904254,0.050489718690704115,0.0029457589483282585,0.017397878663737758,-0.0034224594725046024,1.0
0.7649440224895931,5.986159642490347,1.4233995794468648,-0.4010547643939492,0.0672950934539996,0.006163100915197841,0.0029044679460341477,0.001349518725106067,1.0
-5.16051751445356,-1.004485665497487,-0.702357257467778,-0.01478885523487064,1.2231755619640652,-0.10922513216644664,-0.03975031548648623,0.01924199824878503,0.0
4.001984875622454,-2.9932893531728126,3.312495044116816,0.7484003685904254,0.050489718690704115,0.0029457589483282585,0.017397878663737758,-0.0034224594725046024,1.0
0.7649440224895931,5.986159642490347,1.4233995794468648,-0.4010547643939492,0.0672950934539996,0.006163100915197841,0.0029044679460341477,0.001349518725106067,1.0
-5.16051751445356,-1.004485665497487,-0.702357257467778,-0.01478885523487064,1.2231755619640652,-0.10922513216644664,-0.03975031548648623,0.01924199824878503,0.0
4.001984875622454,-2.9932893531728126,3.312495044116816,0.7484003685904254,0.050489718690704115,0.0029457589483282585,0.017397878663737758,-0.0034224594725046024,1.0
0.7649440224895931,5.986159642490347,1.4233995794468648,-0.4010547643939492,0.0672950934539996,0.006163100915197841,0.0029044679460341477,0.001349518725106067,1.0
-5.16051751445356,-1.004485665497487,-0.702357257467778,-0.01478885523487064,1.2231755619640652,-0.10922513216644664,-0.03975031548648623,0.01924199824878503,0.0
4.001984875622454,-2.9932893531728126,3.312495044116816,0.7484003685904254,0.050489718690704115,0.0029457589483282585,0.017397878663737758,-0.0034224594725046024,1.0
0.7649440224895931,5.986159642490347,1.4233995794468648,-0.4010547643939492,0.0672950934539996,0.006163100915197841,0.0029044679460341477,0.001349518725106067,1.0
-5.16051751445356,-1.004485665497487,-0.702357257467778,-0.01478885523487064,1.2231755619640652,-0.10922513216644664,-0.03975031548648623,0.01924199824878503,0.0
4.001984875622454,-2.9932893531728126,3.312495044116816,0.7484003685904254,0.050489718690704115,0.0029457589483282585,0.017397878663737758,-0.0034224594725046024,1.0
0.7649440224895931,5.986159642490347,1.4233995794468648,-0.4010547643939492,0.0672950934539996,0.006163100915197841,0.0029044679460341477,0.001349518725106067,1.0
-5.16051751445356,-1.004485665497487,-0.702357257467778,-0.01478885523487064,1.2231755619640652,-0.10922513216644664,-0.03975031548648623,0.01924199824878503,0.0
4.001984875622454,-2.9932893531728126,3.312495044116816,0.7484003685904254,0.050489718690704115,0.0029457589483282585,0.017397878663737758,-0.0034224594725046024,1.0
0.7649440224895931,5.986159642490347,1.4233995794468648,-0.4010547643939492,0.0672950934539996,0.006163100915197841,0.0029044679460341477,0.001349518725106067,1.0
-5.16051751445356,-1.004485665497487,-0.702357257467778,-0.01478885523487064,1.2231755619640652,-0.10922513216644664,-0.03975031548648623,0.01924199824878503,0.0
4.001984875622454,-2.9932893531728126,3.312495044116816,0.7484003685904254,0.050489718690704115,0.0029457589483282585,0.017397878663737758,-0.0034224594725046024,1.0
0.7649440224895931,5.986159642490347,1.4233995794468648,-0.4010547643939492,0.0672950934539996,0.006163100915197841,0.0029044679460341477,0.001349518725106067,1.0
-5.16051751445356,-1.004485665497487,-0.702357257467778,-0.01478885523487064,1.2231755619640652,-0.10922513216644664,-0.03975031548648623,0.01924199824878503,0.0
4.001984875622454,-2.9932893531728126,3.312495044116816,0.7484003685904254,0.050489718690704115,0.0029457589483282585,0.017397878663737758,-0.0034224594725046024,1.0
0.7649440224895931,5.986159642490347,1.4233995794468648,-0.4010547643939492,0.0672950934539996,0.006163100915197841,0.0029044679460341477,0.001349518725106067,1.0
-5.16051751445356,-1.004485665497487,-0.702357257467778,-0.01478885523487064,1.2231755619640652,-0.10922513216644664,-0.03975031548648623,0.01924199824878503,0.0
4.001984875622454,-2.9932893531728126,3.312495044116816,0.7484003685904254,0.050489718690704115,0.0029457589483282585,0.017397878663737758,-0.0034224594725046024,1.0
0.7649440224895931,5.986159642490347,1.4233995794468648,-0.4010547643939492,0.0672950934539996,0.006163100915197841,0.0029044679460341477,0.001349518725106067,1.0
-5.16051751445356,-1.004485665497487,-0.702357257467778,-0.01478885523487064,1.2231755619640652,-0.10922513216644664,-0.03975031548648623,0.01924199824878503,0.0
4.001984875622454,-2.9932893531728126,3.312495044116816,0.7484003685904254,0.050489718690704115,0.0029457589483282585,0.017397878663737758,-0.0034224594725046024,1.0
0.7649440224895931,5.986159642490347,1.4233995794468648,-0.4010547643939492,0.0672950934539996,0.006163100915197841,0.0029044679460341477,0.001349518725106067,1.0
-5.16051751445356,-1.004485665497487,-0.702357257467778,-0.01478885523487064,1.2231755619640652,-0.10922513216644664,-0.03975031548648623,0.01924199824878503,0.0
4.001984875622454,-2.9932893531728126,3.312495044116816,0.7484003685904254,0.050489718690704115,0.0029457589483282585,0.017397878663737758,-0.0034224594725046024,1.0
0.7649440224895931,5.986159642490347,1.4233995794468648,-0.4010547643939492,0.0672950934539996,0.006163100915197841,0.0029044679460341477,0.001349518725106067,1.0
-5.16051751445356,-1.004485665497487,-0.702357257467778,-0.01478885523487064,1.2231755619640652,-0.10922513216644664,-0.03975031548648623,0.01924199824878503,0.0
4.001984875622454,-2.9932893531728126,3.312495044116816,0.7484003685904254,0.050489718690704115,0.0029457589483282585,0.017397878663737758,-0.0034224594725046024,1.0
0.7649440224895931,5.986159642490347,1.4233995794468648,-0.4010547643939492,0.0672950934539996,0.006163100915197841,0.0029044679460341477,0.001349518725106067,1.0
-5.16051751445356,-1.004485665497487,-0.702357257467778,-0.01478885523487064,1.2231755619640652,-0.10922513216644664,-0.03975031548648623,0.01924199824878503,0.0
4.001984875622454,-2.9932893531728126,3.312495044116816,0.7484003685904254,0.050489718690704115,0.0029457589483282585,0.017397878663737758,-0.0034224594725046024,1.0
0.7649440224895931,5.986159642490347,1.4233995794468648,-0.4010547643939492,0.0672950934539996,0.006163100915197841,0.0029044679460341477,0.001349518725106067,1.0
-5.16051751445356,-1.004485665497487,-0.702357257467778,-0.01478885523487064,1.2231755619640652,-0.10922513216644664,-0.03975031548648623,0.01924199824878503,0.0
4.001984875622454,-2.9932893531728126,3.312495044116816,0.7484003685904254,0.050489718690704115,0.0029457589483282585,0.017397878663737758,-0.0034224594725046024,1.0
0.7649440224895931,5.986159642490347,1.4233995794468648,-0.4010547643939492,0.0672950934539996,0.006163100915197841,0.0029044679460341477,0.001349518725106067,1.0
-5.16051751445356,-1.004485665497487,-0.702357257467778,-0.01478885523487064,1.2231755619640652,-0.10922513216644664,-0.03975031548648623,0.01924199824878503,0.0
-5.150353468146715,-1.274863186387783,-0.7380429814103464,-0.38402648081387786,0.7164203673084246,0.6056739927748154,1.833097632860561,-0.6047221535243157,0.0
